内蒙古博源银根矿业有限责任公司
2024 年度及 2025 年 1-5 月
财务报表附注


(十四) 无形资产
      1、    无形资产情况


        项目           土地使用权               水资源使用权               采矿权                软件                合计

1．账面原值

（1）2024.12.31           129,399,904.30     359,903,450.00       2,782,373.64      2,778,504.60     494,864,232.54

（2）本期增加金额                88,781,718.53      21,187,500.00                                          109,969,218.53

—购置                      88,781,718.53      21,187,500.00                                          109,969,218.53

（3）本期减少金额

—处置

—其他

（4）2025.5.31            218,181,622.83     381,090,950.00       2,782,373.64      2,778,504.60     604,833,451.07

2．累计摊销

（1）2024.12.31             4,649,309.57      26,733,249.18           383,461.01        267,291.78    32,033,311.54

（2）本期增加金额                 1,565,917.26       6,817,689.85            44,587.55        116,560.80     8,544,755.46

—计提                       1,565,917.26       6,817,689.85            44,587.55        116,560.80     8,544,755.46

（3）本期减少金额

—处置

—其他

（4）2025.5.31              6,215,226.83      33,550,939.03           428,048.56        383,852.58    40,578,067.00




                                                 财务报表附注第62页
