内蒙古博源银根矿业有限责任公司
2024 年度及 2025 年 1-5 月
财务报表附注


        项目          土地使用权                水资源使用权               采矿权                软件                合计

（1）2023.12.31 余额          2,074,612.76      15,180,745.92           276,450.89         32,645.17    17,564,454.74

（2）本期增加金额                 2,574,696.81      11,552,503.26           107,010.12        234,646.61    14,468,856.80

—计提                       2,574,696.81      11,552,503.26           107,010.12        234,646.61    14,468,856.80

（3）本期减少金额

—处置

—其他

（4）2024.12.31             4,649,309.57      26,733,249.18           383,461.01        267,291.78    32,033,311.54

3．减值准备

（1）2023.12.31 余额

（2）本期增加金额

（3）本期减少金额

（4）2024.12.31

4．账面价值

（1）2024.12.31           124,750,594.73     333,170,200.82       2,398,912.63      2,511,212.82     462,830,921.00

（2）2023.12.31           125,323,977.69     132,847,704.08       2,505,922.75          359,109.55   261,036,714.07




                                                 财务报表附注第64页
