内蒙古博源银根矿业有限责任公司
2024 年度及 2025 年 1-5 月
财务报表附注


        项目          土地使用权                水资源使用权               采矿权              软件                合计

3．减值准备

（1）2024.12.31

（2）本期增加金额

（3）本期减少金额

（4）2025.5.31

4．账面价值

（1）2025.5.31            211,966,396.00     347,540,010.97       2,354,325.08    2,394,652.02     564,255,384.07

（2）2024.12.31           124,750,594.73     333,170,200.82       2,398,912.63    2,511,212.82     462,830,921.00



        项目          土地使用权                水资源使用权               采矿权              软件                合计

1．账面原值

（1）2023.12.31 余额        127,398,590.45     148,028,450.00       2,782,373.64        391,754.72   278,601,168.81

（2）本期增加金额                 2,634,214.49     211,875,000.00                       2,386,749.88     216,895,964.37

—购置                       2,634,214.49     211,875,000.00                       2,386,749.88     216,895,964.37

（3）本期减少金额                  632,900.64                                                               632,900.64

—处置

—其他                        632,900.64                                                               632,900.64

（4）2024.12.31           129,399,904.30     359,903,450.00       2,782,373.64    2,778,504.60     494,864,232.54

2．累计摊销



                                                 财务报表附注第63页
