内蒙古博源银根矿业有限责任公司
2024 年度及 2025 年 1-5 月
财务报表附注


          项目            房屋及建筑物              机器设备               运输设备            电子设备及其他              管网                  合计

—处置或报废                                                           314,529.65                                               314,529.65

—其他减少                                            248,388.73                                                               248,388.73

（4）2025.5.31              248,802,296.45     579,118,612.46     1,196,688.42     14,069,514.87     82,962,678.81      926,149,791.01

3．减值准备

（1）2024.12.31

（2）本期增加金额

（3）本期减少金额

（4）2025.5.31

4．账面价值

（1）2025.5.31             3,849,370,670.92   6,107,454,234.83    3,947,313.28     30,333,172.53   1,042,858,252.30   11,033,963,643.86

（2）2024.12.31            3,974,638,629.96   6,237,435,035.20    4,432,110.57     27,024,067.67   1,060,725,717.60   11,304,255,561.00



          项目            房屋及建筑物              机器设备               运输设备            电子设备及其他              管网                  合计

1．账面原值

（1）2023.12.31 余额         4,015,482,843.37   3,736,350,162.69    3,010,969.57     33,509,330.30   1,125,885,537.74    8,914,238,843.67

（2）本期增加金额                 425,077,719.10    2,894,095,596.10    2,480,078.41      4,000,032.86                       3,325,653,426.47

—购置                                              863,593.81     2,480,078.41      3,233,331.93                           6,577,004.15

—在建工程转入                   425,077,719.10    2,893,232,002.29                       766,700.93                        3,319,076,422.32

（3）本期减少金额                 282,015,572.84             451.20                                            64,606.63      282,080,630.67



                                                       财务报表附注第54页
