内蒙古博源银根矿业有限责任公司
2024 年度及 2025 年 1-5 月
财务报表附注


          项目            房屋及建筑物              机器设备               运输设备            电子设备及其他              管网                  合计

—转入投资性房地产                  22,046,599.28                                                                               22,046,599.28

—其他减少                     259,968,973.56             451.20                                            64,606.63      260,034,031.39

（4）2024.12.31            4,158,544,989.63   6,630,445,307.59    5,491,047.98     37,509,363.16   1,125,820,931.11   11,957,811,639.47

2．累计折旧

（1）2023.12.31 余额           39,774,027.69      64,324,388.61      328,348.32       3,697,022.89     22,307,877.95      130,431,665.46

（2）本期增加金额                 156,010,730.64     328,685,883.78      730,589.09       6,788,272.60     42,787,335.56      535,002,811.67

（3）本期减少金额                  11,878,398.66                                                                               11,878,398.66

—转入投资性房地产                    1,489,166.70                                                                                1,489,166.70

—其他减少                      10,389,231.96                                                                               10,389,231.96

（4）2024.12.31             183,906,359.67     393,010,272.39     1,058,937.41     10,485,295.49     65,095,213.51      653,556,078.47

3．减值准备

（1）2023.12.31 余额

（2）本期增加金额

（3）本期减少金额

（4）2024.12.31

4．账面价值

（1）2024.12.31            3,974,638,629.96   6,237,435,035.20    4,432,110.57     27,024,067.67   1,060,725,717.60   11,304,255,561.00

（2）2023.12.31            3,975,708,815.68   3,672,025,774.08    2,682,621.25     29,812,307.41   1,103,577,659.79    8,783,807,178.21




                                                       财务报表附注第55页
