内蒙古博源银根矿业有限责任公司
2024 年度及 2025 年 1-5 月
财务报表附注


            项目              2025 年 1-5 月           2024 年度

职工薪酬                               12,171,564.36       31,421,008.78

折旧费                                11,379,941.79       25,900,257.10

绿化费                                 5,381,788.70        9,737,243.90

限制性股票激励计划                           3,179,851.84       24,883,846.33

物业管理费                               2,849,703.64        7,915,494.44

劳务费                                 1,933,757.24        3,376,499.18

其他                                  1,762,486.54        8,417,067.63

无形资产摊销                              1,607,236.85        3,186,733.09

业务招待费                               1,218,723.60       10,628,583.66

保险费                                  707,018.50         2,465,989.30

网络费                                  600,889.25          986,589.80

租赁费                                  584,667.91         1,347,182.80

用车费                                  428,311.10         2,929,342.50

差旅费                                  346,832.66         1,100,553.61

中介费                                  275,332.37         2,843,496.96

电费                                   170,464.86          453,880.14

中小修理费                                 76,323.43         1,441,594.13

办公费                                   68,922.75          663,000.09

会务费                                   15,995.05          349,568.86

低值易耗品摊销                                 6,817.83             47,986.23

董事会费                                                     670,326.00

            合计                     44,766,630.27      140,766,244.53

(四十) 财务费用


            项目              2025 年 1-5 月           2024 年度

利息费用                              73,586,533.04       190,092,352.18

减：利息收入                             7,937,241.06         5,830,127.79

银行手续费及其他                          27,147,792.37        56,315,419.81

            合计                    92,797,084.35       240,577,644.20



(四十一) 其他收益
      1、   其他收益明细情况

                        财务报表附注第78页
