内蒙古博源银根矿业有限责任公司
2024 年度及 2025 年 1-5 月
财务报表附注




                                                                           2025.5.31
项目
                   即时偿还                1 年以内              1-2 年             2-5 年             5 年以上           未折现合同金额合计              账面价值

短期借款                                                                                                                               1,081,124,125.00
                                    1,082,454,500.00                                                            1,082,454,500.00
长期借款                                                                                                                               3,485,015,523.07
                                                       456,079,289.92   1,655,892,416.02   1,476,675,482.55     3,588,647,188.48
应付票据                                                                                                                                716,339,243.92
                                     716,339,243.92                                                              716,339,243.92
应付账款                                                                                                                               2,559,268,530.05
                 2,559,268,530.05                                                                               2,559,268,530.05
其他应付款
                  232,435,273.63                                                                                 232,435,273.63     232,435,273.63
其他流动负债
                                      69,653,012.56                                                               69,653,012.56      69,653,012.56
一年内到期的非流动负债
                                    4,438,104,190.88                                                            4,438,104,190.88    574,755,585.24
租赁负债
                                                         4,230,585.13       4,230,585.13                            8,461,170.26      7,617,061.49
长期应付款
                                                       271,172,587.48    288,744,808.29         722,500.00       560,639,895.76     308,047,663.15
合计                                                                                                             13,256,003,005.55   9,034,256,018.11
                 2,791,703,803.68   6,306,550,947.36   731,482,462.52   1,948,867,809.43   1,477,397,982.55




                                                          财务报表附注第87页
