内蒙古博源银根矿业有限责任公司
2024 年度及 2025 年 1-5 月
财务报表附注


     （续）
                                                                           2024.12.31
项目                                                                                                             未折现合同金额
                    即时偿还               1 年以内               1-2 年             2-5 年            5 年以上                                账面价值
                                                                                                                 合计
短期借款                                                                                                                               840,162,916.67
                                      844,847,219.18                                                            844,847,219.18
长期借款                                                                                                                              3,324,362,157.32
                                                        291,592,607.46    675,667,784.50    2,574,219,163.25   3,541,479,555.21
应付票据                                                                                                                               279,007,842.77
                                      279,007,842.77                                                            279,007,842.77
应付账款                                                                                                                              2,645,966,851.10
                  2,645,966,851.10                                                                             2,645,966,851.10
其他应付款                                                                                                                              362,568,499.12
                   362,568,499.12                                                                               362,568,499.12
其他流动负债                                                                                                                              80,016,907.41
                                       80,016,907.41                                                             80,016,907.41
一年内到期的非流动负债                                                                                                                        380,791,399.84
                                      496,216,671.59                                                            496,216,671.59
租赁负债                                                                                                                                 7,474,118.56
                                                          4,230,585.13       4,230,585.13                          8,461,170.26
长期应付款                                                                                                                              372,890,799.46
                                                        190,477,510.46    356,813,135.42         807,500.00     548,098,145.88
合计                                                                                                                                8,293,241,492.25
                  3,008,535,350.22   1,700,088,640.95   486,300,703.05   1,036,711,505.05   2,575,026,663.25   8,806,662,862.52




                                                         财务报表附注第88页
