内蒙古博源银根矿业有限责任公司
2024 年度及 2025 年 1-5 月
财务报表附注


         项目             2024.12.31           本期增加            本期减少            2025.5.31

（1）工资、奖金、津贴和补贴          46,635,648.85      76,712,143.65    98,617,860.79   24,729,931.71

（2）职工福利费                                    4,604,594.10     4,604,594.10

（3）社会保险费                                    4,515,145.62     4,515,145.62

其中：医疗保险费                                    3,862,161.72     3,862,161.72

工伤保险费                                         624,847.30      624,847.30

生育保险费                                           3,896.60         3,896.60

大额医疗保险                                         24,240.00        24,240.00

（4）住房公积金                                    4,966,055.48     4,966,055.48

（5）工会经费和职工教育经费           1,129,458.73       2,160,614.62     2,778,819.36     511,253.99

         合计             47,765,107.58      92,958,553.47   115,482,475.35   25,241,185.70



         项目             2023.12.31           本期增加            本期减少            2024.12.31

（1）工资、奖金、津贴和补贴          24,750,634.37     182,166,858.93   160,281,844.45     46,635,648.85

（2）职工福利费                                   21,176,616.42    21,176,616.42

（3）社会保险费                                    8,432,429.07     8,432,429.07

其中：医疗保险费                                    7,001,728.25     7,001,728.25

工伤保险费                                       1,343,958.52     1,343,958.52

生育保险费                                          10,067.30        10,067.30

大额医疗保险                                         76,675.00        76,675.00

（4）住房公积金                                   10,273,251.46    10,273,251.46

（5）工会经费和职工教育经费             441,637.27       6,409,812.57     5,721,991.11      1,129,458.73

         合计             25,192,271.64     228,458,968.45   205,886,132.51     47,765,107.58



    3、   设定提存计划列示


      项目          2024.12.31            本期增加               本期减少             2025.5.31

基本养老保险                                   9,876,258.56       9,876,258.56

失业保险费                                     309,553.87         309,553.87

      合计                                10,185,812.43      10,185,812.43




                           财务报表附注第71页
