内蒙古博源银根矿业有限责任公司
2024 年度及 2025 年 1-5 月
财务报表附注


      2、    固定资产情况


           项目           房屋及建筑物              机器设备               运输设备            电子设备及其他              管网                  合计

1．账面原值

（1）2024.12.31            4,158,544,989.63   6,630,445,307.59    5,491,047.98     37,509,363.16   1,125,820,931.11   11,957,811,639.47

（2）本期增加金额                                     56,127,539.70      580,992.80       6,893,324.24                         63,601,856.74

—购置                                            2,431,438.05      580,992.80        265,641.63                           3,278,072.48

—在建工程转入

—其他增加                                         53,696,101.65                       6,627,682.61                         60,323,784.26

（3）本期减少金额                  60,372,022.26                         928,039.08                                            61,300,061.34

—处置或报废                                                           928,039.08                                               928,039.08

—转入投资性房地产

—其他减少                      60,372,022.26                                                                               60,372,022.26

（4）2025.5.31             4,098,172,967.37   6,686,572,847.29    5,144,001.70     44,402,687.40   1,125,820,931.11   11,960,113,434.87

2．累计折旧

（1）2024.12.31             183,906,359.67     393,010,272.39     1,058,937.41     10,485,295.49     65,095,213.51      653,556,078.47

（2）本期增加金额                  64,895,936.78     186,356,728.80      452,280.66       3,584,219.38     17,867,465.30      273,156,630.92

（1）计提                      64,895,936.78     186,356,728.80      452,280.66       3,335,830.65     17,867,465.30      272,908,242.19

（2）其他增加                                                                            248,388.73                             248,388.73

（3）本期减少金额                                        248,388.73      314,529.65                                               562,918.38




                                                       财务报表附注第53页
