内蒙古博源银根矿业有限责任公司
2024 年度及 2025 年 1-5 月
财务报表附注


       项目        2024.12.31           本期增加             本期减少             2025.5.31

资本溢价           5,006,796,875.00                                       5,006,796,875.00

其他资本公积           31,024,851.25         4,580,942.33                     35,605,793.58

       合计      5,037,821,726.25        4,580,942.33                   5,042,402,668.58


   资本公积变动情况说明：


   公司因确认股权激励费用，增加资本公积 4,580,942.33 元。


       项目        2023.12.31           本期增加             本期减少             2024.12.31

资本溢价           5,006,796,875.00                                       5,006,796,875.00

其他资本公积            2,503,336.90        28,556,033.61      34,519.26      31,024,851.25

       合计      5,009,300,211.90       28,556,033.61      34,519.26    5,037,821,726.25


   资本公积变动情况说明：


   公司因确认股权激励费用，增加资本公积 28,556,033.61 元，人员变动股权激励减少
34,519.26 元。


(三十三) 专项储备


         项目          2024.12.31         本期增加           本期减少              2025.5.31

安全生产费                 34,049,298.40    18,479,103.92   3,327,178.45     49,201,223.87

矿山地质环境治理恢复基金           6,702,304.50     8,749,152.66                    15,451,457.16

         合计           40,751,602.90    27,228,256.58   3,327,178.45     64,652,681.03



         项目          2023.12.31         本期增加           本期减少             2024.12.31

安全生产费                  5,920,731.41    36,372,425.93   8,243,858.94     34,049,298.40

矿山地质环境治理恢复基金                            6,702,304.50                     6,702,304.50

         合计            5,920,731.41    43,074,730.43   8,243,858.94     40,751,602.90



(三十四) 盈余公积




                              财务报表附注第75页
