1
证券代码：000858 证券简称：五粮液 公告编号：2026/第 011 号
宜宾五粮液股份有限公司
关于前期会计差错更正的公告
本公司及董事会全体成员保证信息披露内容的真实、准确和完整，没有虚假
记载、误导性陈述或重大遗漏。
特别提示：
本次会计差错更正，不会导致公司已披露的相关年度报表出现盈亏性质的改
变，不会导致已披露年度财务报表的期末净资产发生净资产为负的情形。
宜宾五粮液股份有限公司（以下简称公司）于 2026 年 4 月 28 日
召开第七届董事会 2026 年第 4 次会议和第七届董事会审计委员会
2026 年第四次会议，审议通过了《关于前期会计差错更正的议案》。
根据《企业会计准则第 28 号——会计政策、会计估计变更和差错更
正》《公开发行证券的公司信息披露编报规则 19 号——财务信息的
更正及相关披露》等相关规定，现将前期会计差错更正的具体情况说
明如下：
一、前期会计差错更正的主要原因
公司对 2025 年业务模式进行梳理，基于谨慎性原则，调整 2025
年部分业务收入确认相关核算。
二、前期会计差错更正对公司财务状况和经营成果的影响
此次前期会计差错更正涉及 2025 年已披露的一季度、半年度、
三季度合并资产负债表与合并利润表的部分项目，不影响现金流量表
列示。具体影响的财务报表项目及金额如下：
2
（一）对 2025 年一季度合并财务报表的影响
1.合并资产负债表
单位：元
报表项目 原列报金额 调整金额 重述后金额
其他流动资产 118,192,973.29 3,380,686,235.67 3,498,879,208.96
流动资产合计 175,462,987,022.10 3,380,686,235.67 178,843,673,257.77
递延所得税资产 3,075,690,274.37 1,089,118,089.13 4,164,808,363.50
非流动资产合计 22,517,173,507.91 1,089,118,089.13 23,606,291,597.04
资产总计 197,980,160,530.01 4,469,804,324.80 202,449,964,854.81
应交税费 8,167,591,114.97 -2,484,635,084.54 5,682,956,030.43
其他应付款 11,529,618,782.11 -913,500,000.00 10,616,118,782.11
其他流动负债 504,083,331.04 18,589,198,930.39 19,093,282,261.43
流动负债合计 45,492,144,140.71 15,191,063,845.85 60,683,207,986.56
负债合计 46,217,402,540.95 15,191,063,845.85 61,408,466,386.80
未分配利润 102,517,025,676.87 -10,443,952,704.07 92,073,072,972.80
归属于母公司所有者权益合
计
148,145,547,768.45 -10,443,952,704.07 137,701,595,064.38
少数股东权益 3,617,210,220.61 -277,306,816.98 3,339,903,403.63
所有者权益合计 151,762,757,989.06 -10,721,259,521.05 141,041,498,468.01
负债和所有者权益总计 197,980,160,530.01 4,469,804,324.80 202,449,964,854.81
2.合并利润表
单位：元
报表项目 原列报金额 调整金额 重述后金额
一、营业总收入 36,940,356,116.35 -19,854,590,458.40 17,085,765,657.95
其中：营业收入 36,940,356,116.35 -19,854,590,458.40 17,085,765,657.95
二、营业总成本 16,522,601,128.12 -5,559,577,763.68 10,963,023,364.44
其中：营业成本 8,222,043,546.33 -4,646,077,763.68 3,575,965,782.65
销售费用 2,407,738,861.87 -913,500,000.00 1,494,238,861.87
三、营业利润（亏损以“－”号填
列）
20,445,937,694.84 -14,295,012,694.72 6,150,925,000.12
四、利润总额（亏损总额以“－”
号填列）
20,430,991,383.20 -14,295,012,694.72 6,135,978,688.48
减：所得税费用 5,063,027,126.83 -3,573,753,173.67 1,489,273,953.16
五、净利润（净亏损以“－”号填
列）
15,367,964,256.37 -10,721,259,521.05 4,646,704,735.32
（一）1 持续经营净利润（净
亏损以“－”号填列）
15,367,964,256.37 -10,721,259,521.05 4,646,704,735.32
（二）1.归属于母公司股东的
净利润
14,860,265,752.48 -10,443,952,704.07 4,416,313,048.41
（二）2.少数股东损益 507,698,503.89 -277,306,816.98 230,391,686.91
3
七、综合收益总额 15,367,964,256.37 -10,721,259,521.05 4,646,704,735.32
归属于母公司所有者的综合收
益总额
14,860,265,752.48 -10,443,952,704.07 4,416,313,048.41
归属于少数股东的综合收益总
额
507,698,503.89 -277,306,816.98 230,391,686.91
（一）基本每股收益 3.828 -2.690 1.138
（二）稀释每股收益 3.828 -2.690 1.138
（二）对 2025 年半年度合并财务报表的影响
1.合并资产负债表
单位：元
报表项目 原列报金额 调整金额 重述后金额
其他流动资产 191,407,289.30 7,995,159,471.16 8,186,566,760.46
流动资产合计 170,504,303,177.34 7,995,159,471.16 178,499,462,648.50
递延所得税资产 3,149,965,433.77 1,570,207,309.82 4,720,172,743.59
非流动资产合计 22,911,079,385.37 1,570,207,309.82 24,481,286,695.19
资产总计 193,415,382,562.71 9,565,366,780.98 202,980,749,343.69
应交税费 4,539,862,754.52 -608,731,181.01 3,931,131,573.51
其他应付款 18,905,346,851.09 -1,896,670,684.40 17,008,676,166.69
其他流动负债 422,996,321.65 27,325,624,474.30 27,748,620,795.95
流动负债合计 48,677,259,367.20 24,820,222,608.89 73,497,481,976.09
负债合计 49,284,244,654.68 24,820,222,608.89 74,104,467,263.57
未分配利润 94,847,886,555.07 -14,868,091,683.40 79,979,794,871.67
归属于母公司所有者权益合计 140,476,408,646.65 -14,868,091,683.40 125,608,316,963.25
少数股东权益 3,654,729,261.38 -386,764,144.51 3,267,965,116.87
所有者权益合计 144,131,137,908.03 -15,254,855,827.91 128,876,282,080.12
负债和所有者权益总计 193,415,382,562.71 9,565,366,780.98 202,980,749,343.69
2.合并利润表
单位：元
报表项目 原列报金额 调整金额 重述后金额
一、营业总收入 52,770,984,383.52 -29,261,012,334.87 23,509,972,048.65
其中：营业收入 52,770,984,383.52 -29,261,012,334.87 23,509,972,048.65
二、营业总成本 26,137,158,440.11 -8,921,204,564.33 17,215,953,875.78
其中：营业成本 12,228,189,911.58 -7,024,533,879.93 5,203,656,031.65
销售费用 5,396,393,992.35 -1,896,670,684.40 3,499,723,307.95
三、营业利润（亏损以“－”号填列） 26,745,894,091.87 -20,339,807,770.54 6,406,086,321.33
四、利润总额（亏损总额以“－”号
填列）
26,718,806,399.93 -20,339,807,770.54 6,378,998,629.39
减：所得税费用 6,583,646,456.74 -5,084,951,942.63 1,498,694,514.11
五、净利润（净亏损以“－”号填列） 20,135,159,943.19 -15,254,855,827.91 4,880,304,115.28
（一）1.持续经营净利润（净亏 20,135,159,943.19 -15,254,855,827.91 4,880,304,115.28
4
损以“－”号填列）
（二）1.归属于母公司股东的净
利润
19,491,942,398.53 -14,868,091,683.40 4,623,850,715.13
（二）2.少数股东损益 643,217,544.66 -386,764,144.51 256,453,400.15
七、综合收益总额 20,135,159,943.19 -15,254,855,827.91 4,880,304,115.28
归属于母公司所有者的综合收益
总额
19,491,942,398.53 -14,868,091,683.40 4,623,850,715.13
归属于少数股东的综合收益总额 643,217,544.66 -386,764,144.51 256,453,400.15
（一）基本每股收益 5.0216 -3.8304 1.1912
（二）稀释每股收益 5.0216 -3.8304 1.1912
（三）对 2025 年三季度合并财务报表的影响
1.合并资产负债表
单位：元
报表项目 原列报金额 调整金额 重述后金额
其他流动资产 144,067,086.88 8,402,867,771.93 8,546,934,858.81
流动资产合计 157,724,237,825.82 8,402,867,771.93 166,127,105,597.75
递延所得税资产 3,196,298,448.85 1,705,017,075.22 4,901,315,524.07
非流动资产合计 23,349,185,376.95 1,705,017,075.22 25,054,202,452.17
资产总计 181,073,423,202.77 10,107,884,847.15 191,181,308,049.92
应交税费 1,556,311,785.78 -12,066,155.87 1,544,245,629.91
其他应付款 9,346,039,409.35 -1,896,670,684.40 7,449,368,724.95
其他流动负债 385,754,602.64 27,441,502,576.02 27,827,257,178.66
流动负债合计 34,373,163,809.18 25,532,765,735.75 59,905,929,544.93
负债合计 34,872,936,995.66 25,532,765,735.75 60,405,702,731.41
未分配利润 96,867,220,706.83 -15,036,724,758.11 81,830,495,948.72
归属于母公司所有者权益合计 142,495,742,798.41 -15,036,724,758.11 127,459,018,040.30
少数股东权益 3,704,743,408.70 -388,156,130.49 3,316,587,278.21
所有者权益合计 146,200,486,207.11 -15,424,880,888.60 130,775,605,318.51
负债和所有者权益总计 181,073,423,202.77 10,107,884,847.15 191,181,308,049.92
2.合并利润表
单位：元
报表项目 原列报金额 调整金额 重述后金额
一、营业总收入 60,945,321,083.57 -30,307,593,428.60 30,637,727,654.97
其中：营业收入 60,945,321,083.57 -30,307,593,428.60 30,637,727,654.97
二、营业总成本 31,612,218,311.25 -9,741,085,577.14 21,871,132,734.11
其中：营业成本 15,281,724,786.58 -7,844,414,892.74 7,437,309,893.84
销售费用 6,630,015,165.78 -1,896,670,684.40 4,733,344,481.38
三、营业利润（亏损以“－”号填列） 29,474,797,808.64 -20,566,507,851.46 8,908,289,957.18
四、利润总额（亏损总额以“－”号
填列）
29,436,163,505.49 -20,566,507,851.46 8,869,655,654.03
5
减：所得税费用 7,224,309,566.72 -5,141,626,962.86 2,082,682,603.86
五、净利润（净亏损以“－”号填列） 22,211,853,938.77 -15,424,880,888.60 6,786,973,050.17
（一）1.持续经营净利润（净亏
损以“－”号填列）
22,211,853,938.77 -15,424,880,888.60 6,786,973,050.17
（二）1.归属于母公司股东的净
利润
21,511,276,550.29 -15,036,724,758.11 6,474,551,792.18
（二）2.少数股东损益 700,577,388.48 -388,156,130.49 312,421,257.99
七、综合收益总额 22,211,853,938.77 -15,424,880,888.60 6,786,973,050.17
归属于母公司所有者的综合收益
总额
21,511,276,550.29 -15,036,724,758.11 6,474,551,792.18
归属于少数股东的综合收益总额 700,577,388.48 -388,156,130.49 312,421,257.99
（一）基本每股收益 5.542 -3.874 1.668
（二）稀释每股收益 5.542 -3.874 1.668
三、履行的审议程序
（一）董事会审计委员会审议情况
公司董事会审计委员会审议通过了《关于前期会计差错更正的议
案》。董事会审计委员会认为本次会计差错更正符合《企业会计准则
第 28 号——会计政策、会计估计变更和差错更正》和《公开发行证
券的公司信息披露编报规则第 19 号——财务信息的更正及相关披露》
等规定的要求，更正后的信息能够更加客观、公允地反映公司的财务
状况和经营成果，同意提交公司董事会审议。
（二）董事会审议情况
公司董事会审议通过了《关于前期会计差错更正的议案》，同意
按照《企业会计准则第 28 号——会计政策、会计估计变更和差错更
正》和《公开发行证券的公司信息披露编报规则第 19 号——财务信
息的更正及相关披露》等规定的要求，对公司前期会计差错进行更正，
更正后的信息能够更加客观、公允地反映公司的财务状况和经营成果。
四、备查文件
1.第七届董事会审计委员会 2026 年第四次会议决议；
2.第七届董事会 2026 年第 4 次会议决议。
特此公告
6
宜宾五粮液股份有限公司董事会
2026 年 4 月 30 日